1. 100.0 400.0
2. 400.0 700.0
3. 700.0 1000.0
4. 1000.0 1300.0
5. 1300.0 1600.0
6. 1600.0 1900.0
7. 1900.0 2200.0
8. 2200.0 2500.0
9. 2500.0 2800.0
10. 2800.0 3100.0
11. 3100.0 3400.0
12. 3400.0 3700.0
13. 3700.0 4000.0
14. 4000.0 4300.0
15. 4300.0 4600.0
16. 4600.0 4900.0
17. 4900.0 5200.0
18. 5200.0 5500.0
19. 5500.0 5800.0
20. 5800.0 6100.0
21. 6100.0 6400.0
22. 6400.0 6700.0
23. 6700.0 7000.0
24. 7000.0 7300.0
25. 7300.0 7600.0
26. 7600.0 7900.0
27. 7900.0 8200.0
28. 8200.0 8500.0
29. 8500.0 8800.0
30. 8800.0 9100.0
31. 9100.0 9400.0
32. 9400.0 9700.0
33. 9700.0 10000.0
34. 10000.0 10750
35. 10750 11556
36. 11556 12423
37. 12423 13355
38. 13355 14357
39. 14357 15434
40. 15434 16592
41. 16592 17836
42. 17836 19174
43. 19174 20612
44. 20612 22158
45. 22158 23820
46. 23820 25606
47. 25606 27526
48. 27526 29590
49. 29590 31809
50. 31809 34195
51. 34195 36760
52. 36760 39517
53. 39517 42481
54. 42481 45667
55. 45667 49092
56. 49092 52774
57. 52774 56732
58. 56732 60987
59. 60987 65561
60. 65561 70478
61. 70478 75764
62. 75764 81446
63. 81446 87554
64. 87554 94121
65. 94121 101180
66. 101180 108768
67. 108768 116926
68. 116926 125695
69. 125695 135122
70. 135122 145256
71. 145256 156150
72. 156150 167861
73. 167861 180451
74. 180451 193985
75. 193985 208534
76. 208534 224174
77. 224174 240987
78. 240987 259061
79. 259061 278491
80. 278491 299378
81. 299378 321831
82. 321831 345968
83. 345968 371916
84. 371916 399810
85. 399810 429796
86. 429796 462031
87. 462031 496683
88. 496683 533934
89. 533934 573979
90. 573979 617027
91. 617027 663304
92. 663304 713052
93. 713052 766531
94. 766531 824021
95. 824021 885823
96. 885823 952260
97. 952260 1023680
98. 1023680 1100456
99. 1100456 1182990
100. 1182990 1271714
101. 1271714 1367093
102. 1367093 1469625
103. 1469625 1579847
104. 1579847 1698336
105. 1698336 1825711
106. 1825711 1962639
107. 1962639 2109837
108. 2109837 2268075
109. 2268075 2438181
110. 2438181 2621045
111. 2621045 2817623
112. 2817623 3028945
113. 3028945 3256116
114. 3256116 3500000.0
